1.000000000000000000e+04 2.000000000000000000e+04 3.000000000000000000e+04 4.000000000000000000e+04 5.000000000000000000e+04 6.000000000000000000e+04 7.000000000000000000e+04 8.000000000000000000e+04 9.000000000000000000e+04 1.000000000000000000e+05
-1.000000000000000749e-01 -1.000000000000000749e-01 -1.000000000000000749e-01 -1.000000000000000749e-01 -1.000000000000000749e-01 -1.000000000000000749e-01 -1.000000000000000749e-01 -1.000000000000000749e-01 -1.000000000000000749e-01 -1.000000000000000749e-01
4.255219936370849609e+00 8.447052001953125000e+00 1.273619890213012695e+01 1.697715187072753906e+01 2.116797184944152832e+01 2.539424085617065430e+01 2.959430289268493652e+01 3.382938003540039062e+01 3.807450890541076660e+01 4.226457905769348145e+01
9.000000000000000000e+00 9.000000000000000000e+00 9.000000000000000000e+00 9.000000000000000000e+00 9.000000000000000000e+00 9.000000000000000000e+00 9.000000000000000000e+00 9.000000000000000000e+00 9.000000000000000000e+00 9.000000000000000000e+00
1.000000000000000000e+02 1.000000000000000000e+02 1.000000000000000000e+02 1.000000000000000000e+02 1.000000000000000000e+02 1.000000000000000000e+02 1.000000000000000000e+02 1.000000000000000000e+02 1.000000000000000000e+02 1.000000000000000000e+02
0.000000000000000000e+00 0.000000000000000000e+00 0.000000000000000000e+00 0.000000000000000000e+00 0.000000000000000000e+00 0.000000000000000000e+00 0.000000000000000000e+00 0.000000000000000000e+00 0.000000000000000000e+00 0.000000000000000000e+00
# Column Info:
#1. Test Step
#2. Return
#3. Time(s)
#4. Features
#5. Traj-Steps
#6. Terminal
