======================
Algorithm: SARSA-iFDD
======================
Learning Steps: 2000.000	4000.000	6000.000	8000.000	10000.000	12000.000	14000.000	16000.000	18000.000	20000.000	
Return: -1.000	-1.000	-1.000	-1.000	-0.900	-0.900	-0.500	-0.600	-0.600	-0.300	
Standard-Error: 0.000	0.000	0.000	0.000	0.095	0.095	0.158	0.155	0.155	0.145	
======================
Algorithm: SARSA-IncrementalTabular
======================
Learning Steps: 2000.000	4000.000	6000.000	8000.000	10000.000	12000.000	14000.000	16000.000	18000.000	20000.000	
Return: -1.000	-1.000	-1.000	-0.900	-0.800	-0.500	-0.600	-0.700	-0.700	-0.700	
Standard-Error: 0.000	0.000	0.000	0.095	0.126	0.158	0.155	0.145	0.145	0.145	
