Algorithm: 30
======================
Steps: 48.200	48.200	48.200	48.200	48.200	
Return: -1.200	-1.200	-1.200	-1.200	-1.200	
Standard-Error: 0.867	0.867	0.867	0.867	0.867	
======================
Algorithm: 35
======================
Steps: 48.200	48.200	48.200	48.200	48.200	
Return: -1.200	-1.200	-1.200	-1.200	-1.200	
Standard-Error: 0.867	0.867	0.867	0.867	0.867	
======================
Algorithm: 40
======================
Steps: 30.000	30.000	30.000	30.000	30.000	
Return: -1.300	-1.300	-1.300	-1.300	-1.300	
Standard-Error: 0.890	0.890	0.890	0.890	0.890	
======================
Algorithm: 45
======================
Steps: 48.400	48.400	48.400	48.400	48.400	
Return: -1.500	-1.500	-1.500	-1.500	-1.500	
Standard-Error: 0.748	0.748	0.748	0.748	0.748	
======================
Algorithm: 100
======================
Steps: 21.200	15.400	216.400	15.400	19.200	
Return: -67.000	-40.400	-44.800	-27.000	-16.000	
Standard-Error: 21.204	10.200	11.065	12.544	17.191	
======================
Algorithm: 22
======================
Steps: 16.400	16.400	16.400	16.400	16.400	
Return: 16.600	16.600	16.600	16.600	16.600	
Standard-Error: 19.489	19.489	19.489	19.489	19.489	
======================
Algorithm: 25
======================
Steps: 31.200	212.600	412.600	27.200	18.600	
Return: -51.400	-37.200	-38.200	-78.000	-20.800	
Standard-Error: 11.224	12.236	14.160	10.965	18.867	
======================
Algorithm: 45
======================
Steps: 212.000	18.200	407.600	14.000	210.800	
Return: -41.000	-66.200	-2.800	-10.800	-29.200	
Standard-Error: 20.310	11.410	13.592	30.937	21.495	
======================
Algorithm: 65
======================
Steps: 14.800	211.800	219.600	14.400	25.600	
Return: -58.800	-8.800	-45.800	-1.800	-46.000	
Standard-Error: 7.285	13.301	26.027	7.011	10.480	
======================
Algorithm: 75
======================
Steps: 215.800	22.400	212.600	27.600	209.600	
Return: -50.200	-51.600	-9.200	-46.600	12.800	
Standard-Error: 15.433	10.935	23.472	27.083	22.591	
======================
