Algorithm: 45
======================
Learning Steps: 5000.000	10000.000	15000.000	20000.000	25000.000	30000.000	35000.000	40000.000	45000.000	50000.000	
Return: -16.100	-14.050	-15.650	-6.350	-11.500	-6.200	-9.900	-10.300	4.100	-7.600	
Standard-Error: 7.044	6.754	8.776	8.638	7.042	8.277	5.957	4.393	6.536	7.401	
======================
Algorithm: 65
======================
Learning Steps: 5000.000	10000.000	15000.000	20000.000	25000.000	30000.000	35000.000	40000.000	45000.000	50000.000	
Return: -7.118	-2.765	-9.118	-5.412	-5.000	-1.235	-4.941	-2.412	-6.647	-1.294	
Standard-Error: 4.530	2.622	6.060	3.690	3.594	5.217	4.124	3.529	5.913	2.339	
======================
Algorithm: 75
======================
Learning Steps: 5000.000	10000.000	15000.000	20000.000	25000.000	30000.000	35000.000	40000.000	45000.000	50000.000	
Return: -7.889	-6.833	-1.667	-2.833	0.500	-0.722	0.278	0.444	-1.944	-2.833	
Standard-Error: 5.358	4.254	1.620	2.754	0.486	0.702	0.270	0.432	1.890	1.889	
======================
Algorithm: 85
======================
Learning Steps: 5000.000	10000.000	15000.000	20000.000	25000.000	30000.000	35000.000	40000.000	45000.000	50000.000	
Return: -10.083	-4.417	-2.000	-0.750	5.167	-5.000	-4.417	2.750	-1.500	-4.250	
Standard-Error: 6.541	4.229	1.915	5.619	4.947	4.370	4.229	2.721	6.009	3.983	
======================
