Algorithm: 45
======================
Learning Steps: 10000.000	20000.000	30000.000	40000.000	50000.000	60000.000	70000.000	80000.000	90000.000	100000.000	
Steps: 69.889	181.333	183.056	16.667	72.111	69.500	16.611	185.111	20.722	123.389	
Standard-Error: 53.191	86.318	86.170	2.193	53.087	53.216	1.797	85.999	4.782	73.060	
======================
Algorithm: 65
======================
Learning Steps: 10000.000	20000.000	30000.000	40000.000	50000.000	60000.000	70000.000	80000.000	90000.000	100000.000	
Steps: 73.824	129.176	81.000	16.941	79.294	364.412	132.882	84.059	90.000	134.706	
Standard-Error: 56.191	77.124	55.921	1.575	55.964	113.867	76.838	56.182	55.526	76.694	
======================
Algorithm: 85
======================
Learning Steps: 5000.000	10000.000	15000.000	20000.000	25000.000	30000.000	35000.000	40000.000	45000.000	50000.000	
Steps: 71.118	85.000	251.529	136.176	137.118	187.647	26.059	195.294	78.941	251.471	
Standard-Error: 56.337	55.885	100.797	76.598	76.536	91.208	6.183	90.411	55.907	100.730	
======================
